x, y, z
0.482223, -0.131680, -0.000266
0.482231, -0.131650, -0.000255
0.482239, -0.131620, -0.000244
0.482248, -0.131590, -0.000233
0.482256, -0.131559, -0.000222
0.482272, -0.131499, -0.000200
0.482289, -0.131438, -0.000179
0.482305, -0.131377, -0.000157
0.482322, -0.131317, -0.000137
0.482338, -0.131256, -0.000116
0.482355, -0.131195, -0.000096
0.482372, -0.131134, -0.000076
0.482388, -0.131074, -0.000057
0.482405, -0.131013, -0.000038
0.482421, -0.130952, -0.000019
0.482438, -0.130891, -0.000001
0.482454, -0.130830, 0.000017
0.482471, -0.130769, 0.000034
0.482487, -0.130708, 0.000052
0.482504, -0.130646, 0.000069
0.482520, -0.130585, 0.000085
0.482537, -0.130524, 0.000101
0.482554, -0.130463, 0.000117
0.482570, -0.130401, 0.000132
0.482587, -0.130340, 0.000146
0.482603, -0.130278, 0.000160
0.482620, -0.130217, 0.000173
0.482637, -0.130155, 0.000186
0.482653, -0.130094, 0.000198
0.482670, -0.130032, 0.000209
0.482687, -0.129970, 0.000220
0.482703, -0.129908, 0.000230
0.482720, -0.129846, 0.000239
0.482737, -0.129784, 0.000248
0.482753, -0.129722, 0.000255
0.482770, -0.129660, 0.000262
0.482787, -0.129597, 0.000268
0.482804, -0.129535, 0.000274
0.482820, -0.129472, 0.000279
0.482837, -0.129410, 0.000283
0.482854, -0.129347, 0.000287
0.482871, -0.129284, 0.000288
0.482888, -0.129221, 0.000289
0.482904, -0.129158, 0.000287
0.482921, -0.129094, 0.000283
0.482938, -0.129031, 0.000277
0.482956, -0.128967, 0.000268
0.482973, -0.128903, 0.000257
0.482990, -0.128838, 0.000244
0.483007, -0.128773, 0.000226
0.483016, -0.128740, 0.000215
0.483025, -0.128707, 0.000202
0.483034, -0.128674, 0.000186
0.483043, -0.128640, 0.000165
0.483050, -0.128613, 0.000144
0.483054, -0.128599, 0.000132
0.483057, -0.128585, 0.000118
0.483059, -0.128578, 0.000109
0.483060, -0.128574, 0.000102
0.483061, -0.128572, 0.000098
0.483062, -0.128569, 0.000091
0.483062, -0.128569, 0.000076
0.483061, -0.128570, 0.000071
0.483061, -0.128573, 0.000065
0.483059, -0.128578, 0.000056
0.483056, -0.128589, 0.000042
0.483053, -0.128601, 0.000032
0.483047, -0.128624, 0.000018
0.483039, -0.128655, 0.000007
0.483031, -0.128685, -0.000003
0.483023, -0.128716, -0.000011
0.483014, -0.128746, -0.000018
0.482998, -0.128808, -0.000030
0.482981, -0.128870, -0.000040
0.482965, -0.128932, -0.000049
0.482948, -0.128994, -0.000057
0.482932, -0.129057, -0.000065
0.482915, -0.129119, -0.000071
0.482898, -0.129181, -0.000077
0.482882, -0.129244, -0.000083
0.482865, -0.129306, -0.000088
0.482848, -0.129369, -0.000093
0.482831, -0.129431, -0.000098
0.482815, -0.129494, -0.000103
0.482798, -0.129556, -0.000108
0.482781, -0.129619, -0.000113
0.482764, -0.129681, -0.000118
0.482747, -0.129744, -0.000122
0.482731, -0.129806, -0.000127
0.482714, -0.129869, -0.000132
0.482697, -0.129931, -0.000137
0.482680, -0.129994, -0.000142
0.482663, -0.130056, -0.000147
0.482647, -0.130118, -0.000152
0.482630, -0.130181, -0.000157
0.482613, -0.130243, -0.000162
0.482596, -0.130306, -0.000167
0.482579, -0.130368, -0.000172
0.482562, -0.130431, -0.000176
0.482545, -0.130493, -0.000181
0.482528, -0.130556, -0.000186
0.482512, -0.130618, -0.000191
0.482495, -0.130681, -0.000196
0.482478, -0.130743, -0.000201
0.482461, -0.130805, -0.000206
0.482444, -0.130868, -0.000211
0.482427, -0.130930, -0.000216
0.482410, -0.130993, -0.000220
0.482393, -0.131055, -0.000225
0.482376, -0.131117, -0.000232
0.482359, -0.131180, -0.000237
0.482342, -0.131242, -0.000243
0.482325, -0.131305, -0.000248
0.482308, -0.131367, -0.000253
0.482291, -0.131429, -0.000258
0.482274, -0.131492, -0.000263
0.482257, -0.131554, -0.000269
0.482249, -0.131585, -0.000271
0.482240, -0.131617, -0.000274
0.482232, -0.131648, -0.000276
0.482223, -0.131679, -0.000279
